185001185012   -0.37
185101185112   -0.21
185201185212   -0.22
185301185312   -0.26
185401185412   -0.25
185501185512   -0.27
185601185612   -0.36
185701185712   -0.47
185801185812   -0.47
185901185912   -0.29
186001186012   -0.35
186101186112   -0.43
186201186212   -0.51
186301186312   -0.30
186401186412   -0.50
186501186512   -0.29
186601186612   -0.26
186701186712   -0.32
186801186812   -0.26
186901186912   -0.27
187001187012   -0.29
187101187112   -0.32
187201187212   -0.24
187301187312   -0.31
187401187412   -0.38
187501187512   -0.40
187601187612   -0.38
187701187712   -0.08
187801187812    0.04
187901187912   -0.23
188001188012   -0.23
188101188112   -0.20
188201188212   -0.22
188301188312   -0.30
188401188412   -0.41
188501188512   -0.39
188601188612   -0.37
188701188712   -0.42
188801188812   -0.31
188901188912   -0.17
189001189012   -0.42
189101189112   -0.33
189201189212   -0.46
189301189312   -0.49
189401189412   -0.41
189501189512   -0.39
189601189612   -0.18
189701189712   -0.20
189801189812   -0.40
189901189912   -0.28
190001190012   -0.19
190101190112   -0.24
190201190212   -0.40
190301190312   -0.47
190401190412   -0.52
190501190512   -0.37
190601190612   -0.27
190701190712   -0.47
190801190812   -0.50
190901190912   -0.51
191001191012   -0.48
191101191112   -0.53
191201191212   -0.44
191301191312   -0.43
191401191412   -0.25
191501191512   -0.14
191601191612   -0.38
191701191712   -0.48
191801191812   -0.34
191901191912   -0.31
192001192012   -0.26
192101192112   -0.17
192201192212   -0.29
192301192312   -0.27
192401192412   -0.28
192501192512   -0.20
192601192612   -0.09
192701192712   -0.20
192801192812   -0.20
192901192912   -0.35
193001193012   -0.12
193101193112   -0.06
193201193212   -0.13
193301193312   -0.27
193401193412   -0.12
193501193512   -0.17
193601193612   -0.13
193701193712   -0.01
193801193812    0.01
193901193912   -0.02
194001194012    0.01
194101194112    0.03
194201194212   -0.01
194301194312    0.03
194401194412    0.16
194501194512    0.03
194601194612   -0.05
194701194712   -0.03
194801194812   -0.02
194901194912   -0.07
195001195012   -0.18
195101195112   -0.03
195201195212    0.03
195301195312    0.12
195401195412   -0.11
195501195512   -0.17
195601195612   -0.26
195701195712   -0.00
195801195812    0.06
195901195912    0.03
196001196012   -0.04
196101196112    0.04
196201196212    0.02
196301196312    0.06
196401196412   -0.21
196501196512   -0.14
196601196612   -0.06
196701196712   -0.06
196801196812   -0.11
196901196912    0.02
197001197012   -0.03
197101197112   -0.19
197201197212   -0.08
197301197312    0.06
197401197412   -0.22
197501197512   -0.15
197601197612   -0.25
197701197712    0.05
197801197812   -0.06
197901197912    0.05
198001198012    0.09
198101198112    0.14
198201198212    0.01
198301198312    0.19
198401198412   -0.02
198501198512   -0.04
198601198612    0.04
198701198712    0.19
198801198812    0.20
198901198912    0.12
199001199012    0.31
199101199112    0.26
199201199212    0.10
199301199312    0.15
199401199412    0.22
199501199512    0.34
199601199612    0.18
199701199712    0.40
199801199812    0.55
199901199912    0.32
200001200012    0.31
200101200112    0.45
200201200212    0.50
200301200312    0.52
200401200412    0.46
200501200512    0.56
200601200612    0.52
200701200712    0.51
200801200812    0.41
200901200912    0.51
201001201012    0.57
201101201112    0.44
201201201212    0.48
201301201312    0.53
201401201412    0.60
201501201512    0.78
201601201612    0.81
201701201712    0.70
201801201812    0.61
