190001190012  -36.51
190101190112  -24.85
190201190212  -53.39
190301190312  -18.04
190401190412  -30.87
190501190512  -32.21
190601190612  -10.46
190701190712  -16.45
190801190812   -8.14
190901190912   -1.49
191001191012   -3.65
191101191112  -33.94
191201191212  -26.60
191301191312  -31.34
191401191412  -34.16
191501191512  -14.54
191601191612   40.18
191701191712   10.68
191801191812  -14.60
191901191912  -38.78
192001192012   -6.91
192101192112    7.48
192201192212   14.69
192301192312    5.36
192401192412    6.88
192501192512  -13.13
192601192612  -19.97
192701192712    6.75
192801192812   -1.82
192901192912   -8.83
193001193012  -34.08
193101193112  -17.95
193201193212  -17.62
193301193312    0.07
193401193412    4.97
193501193512   -4.68
193601193612    3.25
193701193712   -9.95
193801193812   -6.22
193901193912    2.30
194001194012  -29.54
194101194112  -28.12
194201194212   -6.74
194301194312   -9.72
194401194412   -8.75
194501194512   -7.56
194601194612   -9.54
194701194712   15.76
194801194812    3.35
194901194912   -3.48
195001195012   25.57
195101195112   -9.79
195201195212   -2.89
195301195312   10.72
195401195412   35.22
195501195512   35.88
195601195612   44.74
195701195712    0.25
195801195812   11.63
195901195912   22.09
196001196012   19.83
196101196112   17.80
196201196212    9.72
196301196312   -5.17
196401196412    6.51
196501196512  -20.56
196601196612    4.87
196701196712    6.03
196801196812  -15.38
196901196912   -0.34
197001197012   15.28
197101197112   -3.84
197201197212  -19.45
197301197312   34.80
197401197412   25.59
197501197512   24.65
197601197612  -10.10
197701197712  -14.91
197801197812    5.74
197901197912   19.02
198001198012    6.04
198101198112   10.00
198201198212  -21.62
198301198312  -31.12
198401198412   -3.06
198501198512   -8.22
198601198612  -24.08
198701198712  -37.13
198801198812   17.98
198901198912   11.42
199001199012   -0.53
199101199112  -20.37
199201199212  -43.53
199301199312  -28.88
199401199412   -7.64
199501199512  -18.90
199601199612   13.81
199701199712   -7.26
199801199812    6.80
199901199912   30.50
200001200012   44.45
200101200112   -6.71
200201200212  -15.66
200301200312    0.22
200401200412   12.07
200501200512    6.87
200601200612   33.27
200701200712    7.13
200801200812   29.69
200901200912   -8.10
201001201012   51.17
201101201112   46.24
201201201212    0.49
201301201312   -0.13
201401201412   -3.35
